	[
	[[0],[1],[1]],
	[[1],[0,2],[1,1]],
	[[2],[1,3,5,6],[1,1,1,1]],
	[[3],[2,4,5],[1,1,1]],
	[[4],[3],[1]],
	[[5],[2,3,6,9],[1,1,1,1]],
	[[6],[2,5,7],[1,1,1]],
	[[7],[6,8],[1,1]],
	[[8],[7],[1]],
	[[9],[5,10,13],[1,1,1]],
	[[10],[9,11,13,14],[1,1,1,1]],
	[[11],[10,12,14],[1,1,1]],
	[[12],[11,15],[1,1]],
	[[13],[9,10,14],[1,1,1]],
	[[14],[10,11,13],[1,1,1]],
	[[15],[12,16,17,18],[1,1,1,1]],
	[[16],[15,18,20],[1,1,1]],
	[[17],[15,18,21],[1,1,1]],
	[[18],[15,16,17,19,20,21],[1,1,1,1,1,1]],
	[[19],[18,20,21],[1,1,1]],
	[[20],[16,18,19],[1,1,1]],
	[[21],[17,18,19],[1,1,1]]
	]
